00000000000000000000000000000000
00000000000000000101101010101010
00000000000000000101101000000000
11111111111111111111111110101010
11111111111111111110110001011010
00000000000000000000000000000001
00000000000000000000000000000000
00000000000000000101101010101011
00000000000000001011010010101011
11111111111111111010011000000000
00000000000000000101101010101011
11111111111111110000001000000000
11111111111111110100101101010101
11111111111111111010010101010100
00000000000000000000000000000000
00000000000000000000000000000001
00000000000010110101010101100000
00000000000000000000000000000010
00111111111111111110100101010101
11111111111111111010010110101010
00011111111111111110100101101010
11111111111111111110100101101010